1603904592.205063,0
1603904592.227231,0
1603904592.241540,0
1603904592.262745,0
1603904592.292742,0
1603904592.307398,0
1603904592.322714,0
1603904592.335387,0
1603904592.348177,0
1603904592.360898,0
1603904592.374145,0
1603904592.387205,0
1603904592.399451,0
1603904592.411833,0
1603904592.423719,0
1603904592.435941,0
1603904592.448374,0
1603904592.460720,0
1603904592.473286,0
1603904592.485879,0
1603904592.498686,1
1603904592.511702,0
1603904592.524790,0
1603904592.540866,0
1603904592.564910,0
1603904592.577674,0
1603904592.591551,0
1603904592.604122,0
1603904592.616649,0
1603904592.642774,0
1603904592.665846,0
1603904592.679283,0
1603904592.692053,0
1603904592.704792,0
1603904592.717965,0
1603904592.744435,0
1603904592.760220,0
1603904592.775117,0
1603904592.788181,0
1603904592.801198,0
1603904592.826743,0
1603904592.842421,0
1603904592.864643,0
1603904592.878210,0
1603904592.891445,0
1603904592.918671,0
1603904592.932022,0
1603904592.954466,0
1603904592.968088,0
1603904592.997673,0
1603904593.010271,0
1603904593.037734,0
1603904593.053881,0
1603904593.070307,0
1603904593.083720,0
1603904593.096588,0
1603904593.109498,0
1603904593.121944,0
1603904593.148207,0
1603904593.177308,0
1603904593.200816,0
1603904593.215797,0
1603904593.230336,0
1603904593.258355,0
1603904593.291737,0
1603904593.304935,0
1603904593.328274,0
1603904593.341083,0
1603904593.355464,0
1603904593.370291,0
1603904593.383667,0
1603904593.402268,0
1603904593.416256,0
1603904593.433592,0
1603904593.446776,0
1603904593.460438,0
1603904593.474050,0
1603904593.500650,0
1603904593.514674,0
1603904593.534183,0
1603904593.547053,0
1603904593.560561,0
1603904593.573325,0
1603904593.595770,0
1603904593.608165,0
1603904593.625140,0
1603904593.649599,0
1603904593.662569,0
1603904593.682085,0
1603904593.695156,0
1603904593.714747,0
1603904593.738391,0
1603904593.757360,0
1603904593.770237,0
1603904593.783462,0
1603904593.796937,0
1603904593.819044,0
1603904593.832047,0
1603904593.844657,0
1603904593.858032,0
1603904593.870781,0
1603904593.895043,0
1603904593.907797,0
1603904593.920822,0
1603904593.933762,0
1603904593.957184,0
1603904593.985862,0
1603904593.998470,0
1603904594.010696,0
1603904594.023305,0
1603904594.043626,0
1603904594.057748,0
1603904594.081532,0
1603904594.094440,0
1603904594.107154,0
1603904594.119823,0
1603904594.132526,0
1603904594.145182,1
1603904594.162555,0
1603904594.184446,8
1603904594.200017,5
1603904594.221367,13
1603904594.233798,13
1603904594.256762,15
1603904594.269341,19
1603904594.286098,20
1603904594.298564,19
1603904594.311199,20
1603904594.323721,19
1603904594.336180,20
1603904594.360656,20
1603904594.385197,19
1603904594.398106,20
1603904594.413550,20
1603904594.426173,19
1603904594.438576,20
1603904594.451582,19
1603904594.466677,19
1603904594.489207,19
1603904594.502165,18
1603904594.515380,17
1603904594.528011,17
1603904594.540390,15
1603904594.552703,15
1603904594.565391,14
1603904594.581234,13
1603904594.594392,12
1603904594.606920,12
1603904594.619102,14
1603904594.631401,17
1603904594.643598,17
1603904594.665630,19
1603904594.689860,19
1603904594.704370,19
1603904594.717267,18
1603904594.737038,18
1603904594.749819,18
1603904594.762100,19
1603904594.784363,18
1603904594.797205,18
1603904594.812813,18
1603904594.826857,19
1603904594.839827,18
1603904594.852639,20
1603904594.865986,20
1603904594.878828,19
1603904594.891385,20
1603904594.905554,19
1603904594.917783,19
1603904594.930287,20
1603904594.944113,19
1603904594.965171,20
1603904594.978612,19
1603904594.992558,19
1603904595.005637,20
1603904595.018409,19
1603904595.033171,19
1603904595.045793,20
1603904595.066647,19
1603904595.091011,19
1603904595.103923,19
1603904595.116588,20
1603904595.128992,19
1603904595.141208,20
1603904595.165097,20
1603904595.177579,19
1603904595.200889,19
1603904595.213864,20
1603904595.226993,19
1603904595.239659,19
1603904595.253118,17
1603904595.275340,16
1603904595.287660,16
1603904595.304296,14
1603904595.318969,14
1603904595.332277,12
1603904595.345522,12
1603904595.360998,11
1603904595.373657,10
1603904595.387661,8
1603904595.420292,9
1603904595.433180,10
1603904595.446251,9
1603904595.470679,9
1603904595.483706,9
1603904595.496117,9
1603904595.509371,9
1603904595.522221,11
1603904595.534828,10
1603904595.547647,10
1603904595.572514,10
1603904595.588094,10
1603904595.600894,10
1603904595.613824,10
1603904595.626166,12
1603904595.638764,11
1603904595.651980,12
1603904595.677269,11
1603904595.698107,12
1603904595.710377,11
1603904595.723401,12
1603904595.736412,11
1603904595.751789,12
1603904595.775196,12
1603904595.801276,13
1603904595.814785,11
1603904595.828423,13
1603904595.841362,12
1603904595.859161,12
1603904595.878214,14
1603904595.906918,13
1603904595.919406,13
1603904595.932364,14
1603904595.946724,13
1603904595.959469,14
1603904595.974296,13
1603904595.994032,13
1603904596.010500,13
1603904596.026270,14
1603904596.042703,14
1603904596.063223,15
1603904596.078388,14
1603904596.099358,14
1603904596.121508,14
1603904596.135225,15
1603904596.149011,14
1603904596.164210,15
1603904596.182188,15
1603904596.198309,16
1603904596.220288,15
1603904596.235083,15
1603904596.249455,16
1603904596.263110,15
1603904596.278163,15
1603904596.290468,15
1603904596.313530,17
1603904596.326315,16
1603904596.338789,17
1603904596.351739,16
1603904596.367585,16
1603904596.381194,16
1603904596.394778,17
1603904596.419272,17
1603904596.431908,16
1603904596.444319,16
1603904596.457533,17
1603904596.476004,16
1603904596.489051,18
1603904596.511952,17
1603904596.526441,18
1603904596.538866,17
1603904596.552645,17
1603904596.568834,17
1603904596.590404,17
1603904596.614250,17
1603904596.628188,18
1603904596.641372,17
1603904596.654323,18
1603904596.668734,19
1603904596.685387,19
1603904596.707152,18
1603904596.720870,18
1603904596.737022,18
1603904596.752671,18
1603904596.765723,19
1603904596.778071,18
1603904596.797351,19
1603904596.816346,18
1603904596.833116,19
1603904596.846096,20
1603904596.859643,19
1603904596.881392,19
1603904596.894359,20
1603904596.907076,19
1603904596.929395,19
1603904596.942041,19
1603904596.954669,19
1603904596.968048,20
1603904596.989203,19
1603904597.011212,19
1603904597.027470,19
1603904597.039929,20
1603904597.052446,19
1603904597.067358,19
1603904597.080418,20
1603904597.092965,19
1603904597.105863,20
1603904597.118334,19
1603904597.130666,19
1603904597.143933,20
1603904597.157319,19
1603904597.171176,19
1603904597.187238,19
1603904597.212279,19
1603904597.224704,19
1603904597.238532,17
1603904597.251727,16
1603904597.265079,16
1603904597.281445,15
1603904597.296824,14
1603904597.309770,13
1603904597.322131,13
1603904597.335580,11
1603904597.360340,10
1603904597.373373,8
1603904597.399833,9
1603904597.412437,10
1603904597.425508,9
1603904597.440559,9
1603904597.464606,9
1603904597.484046,10
1603904597.500799,11
1603904597.514124,10
1603904597.535635,10
1603904597.548547,11
1603904597.561929,10
1603904597.586890,10
1603904597.600091,10
1603904597.623587,11
1603904597.641672,11
1603904597.655285,11
1603904597.668710,12
1603904597.681231,11
1603904597.696353,11
1603904597.712574,12
1603904597.729644,11
1603904597.752293,12
1603904597.765116,13
1603904597.778604,12
1603904597.791242,13
1603904597.806711,12
1603904597.819968,12
1603904597.832448,13
1603904597.844585,12
1603904597.862210,14
1603904597.874351,13
1603904597.892066,13
1603904597.904854,14
1603904597.919058,14
1603904597.945649,14
1603904597.958174,13
1603904597.970214,13
1603904597.982923,14
1603904598.006575,15
1603904598.028514,15
1603904598.041685,15
1603904598.057950,15
1603904598.070603,14
1603904598.083843,14
1603904598.106106,15
1603904598.132189,14
1603904598.146357,16
1603904598.159570,15
1603904598.174167,15
1603904598.191832,15
1603904598.205601,15
1603904598.218752,16
1603904598.246750,15
1603904598.258958,16
1603904598.271389,15
1603904598.294441,16
1603904598.309686,17
1603904598.323088,17
1603904598.339960,17
1603904598.352370,16
1603904598.367772,16
1603904598.381913,16
1603904598.394482,17
1603904598.409218,16
1603904598.422486,17
1603904598.445333,17
1603904598.458252,16
1603904598.471145,17
1603904598.488204,17
1603904598.506487,17
1603904598.534367,17
1603904598.547297,17
1603904598.561522,17
1603904598.578078,17
1603904598.590540,18
1603904598.609122,17
1603904598.621886,18
1603904598.646049,19
1603904598.658957,18
1603904598.670921,19
1603904598.684940,18
1603904598.697121,18
1603904598.711161,19
1603904598.723869,18
1603904598.746150,18
1603904598.758343,19
1603904598.774208,19
1603904598.788939,18
1603904598.811108,19
1603904598.832363,20
1603904598.845779,19
1603904598.858530,19
1603904598.872259,20
1603904598.887866,19
1603904598.917774,19
1603904598.941045,19
1603904598.953394,20
1603904598.966000,19
1603904598.979532,19
1603904598.991647,19
1603904599.013980,19
1603904599.033639,20
1603904599.049189,20
1603904599.062939,19
1603904599.080776,19
1603904599.093061,19
1603904599.109123,19
1603904599.128342,19
1603904599.143987,19
1603904599.159122,19
1603904599.175508,19
1603904599.187857,19
1603904599.202380,19
1603904599.221708,17
1603904599.245625,17
1603904599.258898,16
1603904599.271684,14
1603904599.290466,13
1603904599.312978,12
1603904599.335989,10
1603904599.349331,10
1603904599.364720,8
1603904599.377560,8
1603904599.389976,10
1603904599.405710,10
1603904599.420672,9
1603904599.436702,10
1603904599.450144,9
1603904599.464677,9
1603904599.478113,10
1603904599.493339,10
1603904599.514662,11
1603904599.533570,12
1603904599.546104,11
1603904599.571464,11
1603904599.584927,12
1603904599.597753,10
1603904599.629361,11
1603904599.642446,11
1603904599.656345,12
1603904599.683661,11
1603904599.696573,12
1603904599.715934,12
1603904599.728919,13
1603904599.741376,12
1603904599.754335,13
1603904599.767632,12
1603904599.780144,12
1603904599.792547,13
1603904599.814608,12
1603904599.828117,12
1603904599.844231,12
1603904599.856690,14
1603904599.869541,13
1603904599.882025,14
1603904599.894739,13
1603904599.908002,14
1603904599.922530,14
1603904599.950259,13
1603904599.962607,14
1603904599.975083,13
1603904599.987901,15
1603904600.000334,14
1603904600.024558,14
1603904600.038043,15
1603904600.051200,15
1603904600.064690,14
1603904600.077093,15
1603904600.090125,14
1603904600.102618,14
1603904600.118456,14
1603904600.135062,15
1603904600.147739,16
1603904600.172890,16
1603904600.185670,15
1603904600.199020,16
1603904600.211828,15
1603904600.224593,15
1603904600.237491,16
1603904600.252431,15
1603904600.264957,15
1603904600.277812,16
1603904600.291282,16
1603904600.304075,17
1603904600.326409,16
1603904600.353367,16
1603904600.366659,17
1603904600.379229,16
1603904600.391792,17
1603904600.404669,16
1603904600.434100,16
1603904600.456164,18
1603904600.469068,17
1603904600.482008,18
1603904600.494583,18
1603904600.507407,18
1603904600.519819,19
1603904600.537053,19
1603904600.560828,18
1603904600.573482,18
1603904600.587076,18
1603904600.601445,19
1603904600.614484,18
1603904600.632463,20
1603904600.649642,20
1603904600.662363,18
1603904600.675010,19
1603904600.697465,19
1603904600.709994,18
1603904600.740842,18
1603904600.756600,18
1603904600.773076,18
1603904600.804524,20
1603904600.827624,20
1603904600.840878,19
1603904600.853279,20
1603904600.866237,20
1603904600.880156,19
1603904600.892539,20
1603904600.905064,19
1603904600.919390,19
1603904600.939785,20
1603904600.956676,20
1603904600.973849,20
1603904600.986122,19
1603904600.998819,20
1603904601.011535,20
1603904601.024575,19
1603904601.041716,19
1603904601.060447,19
1603904601.072966,19
1603904601.086729,20
1603904601.099735,19
1603904601.112694,19
1603904601.125091,20
1603904601.140986,20
1603904601.154117,19
1603904601.168674,19
1603904601.181122,19
1603904601.193628,18
1603904601.206390,18
1603904601.219392,17
1603904601.240324,16
1603904601.254108,15
1603904601.267013,14
1603904601.280446,14
1603904601.293093,12
1603904601.306757,12
1603904601.324569,10
1603904601.343481,9
1603904601.356487,8
1603904601.382873,9
1603904601.395264,9
1603904601.407967,10
1603904601.422838,9
1603904601.445771,9
1603904601.468231,9
1603904601.480871,11
1603904601.495437,10
1603904601.508383,11
1603904601.521712,12
1603904601.542517,11
1603904601.564017,12
1603904601.576841,11
1603904601.590451,12
1603904601.603781,12
1603904601.616764,11
1603904601.629253,12
1603904601.645781,11
1603904601.659912,12
1603904601.684049,12
1603904601.700596,12
1603904601.713290,12
1603904601.735045,12
1603904601.747580,12
1603904601.760769,12
1603904601.773535,13
1603904601.786646,13
1603904601.801469,12
1603904601.814134,13
1603904601.826544,12
1603904601.849974,13
1603904601.872416,13
1603904601.884941,14
1603904601.897749,13
1603904601.917294,14
1603904601.930069,13
1603904601.961800,13
1603904601.990747,15
1603904602.004806,14
1603904602.019058,14
1603904602.040792,15
1603904602.053067,14
1603904602.077846,14
1603904602.090634,14
1603904602.103201,15
1603904602.116267,14
1603904602.140408,16
1603904602.153954,16
1603904602.170146,16
1603904602.182577,15
1603904602.195279,15
1603904602.208268,16
1603904602.221476,15
1603904602.234377,16
1603904602.258038,16
1603904602.279783,16
1603904602.294585,16
1603904602.307400,17
1603904602.321471,17
1603904602.334915,16
1603904602.359680,16
1603904602.376997,16
1603904602.390148,16
1603904602.402622,17
1603904602.415481,16
1603904602.427957,17
1603904602.453786,17
1603904602.477153,18
1603904602.489653,17
1603904602.502634,17
1603904602.524034,19
1603904602.541509,19
1603904602.562027,18
1603904602.587015,18
1603904602.599620,18
1603904602.614031,20
1603904602.627092,20
1603904602.645917,19
1603904602.665942,18
1603904602.686353,19
1603904602.699184,18
1603904602.711852,19
1603904602.733263,19
1603904602.746462,18
1603904602.758578,19
1603904602.771064,18
1603904602.793677,19
1603904602.806473,20
1603904602.819282,19
1603904602.832144,20
1603904602.856485,20
1603904602.869999,19
1603904602.882908,19
1603904602.895477,20
1603904602.907876,19
1603904602.920531,20
1603904602.933193,19
1603904602.956629,19
1603904602.976990,20
1603904602.989601,19
1603904603.002803,19
1603904603.015717,20
1603904603.029114,19
1603904603.056810,20
1603904603.074005,19
1603904603.089701,19
1603904603.103557,19
1603904603.123427,20
1603904603.136311,19
1603904603.156917,19
1603904603.170686,20
1603904603.194118,18
1603904603.207639,17
1603904603.220455,17
1603904603.239302,15
1603904603.265349,13
1603904603.277631,12
1603904603.291288,12
1603904603.304164,11
1603904603.317465,11
1603904603.332143,9
1603904603.349905,7
1603904603.367621,9
1603904603.390147,10
1603904603.402577,9
1603904603.415921,9
1603904603.429232,10
1603904603.446485,9
1603904603.465730,10
1603904603.489724,10
1603904603.505755,10
1603904603.519639,12
1603904603.532551,12
1603904603.545922,11
1603904603.565965,12
1603904603.586167,12
1603904603.598614,13
1603904603.611407,11
1603904603.624600,12
1603904603.650461,11
1603904603.665586,11
1603904603.698323,13
1603904603.736460,13
1603904603.748744,12
1603904603.761025,13
1603904603.773529,12
1603904603.786310,13
1603904603.799485,13
1603904603.813712,12
1603904603.825824,14
1603904603.838119,13
1603904603.851251,13
1603904603.873112,14
1603904603.890361,14
1603904603.906159,14
1603904603.918927,13
1603904603.932196,13
1603904603.944932,14
1603904603.970148,15
1603904603.998716,14
1603904604.013715,14
1603904604.026675,15
1603904604.039973,14
1603904604.051936,15
1603904604.068100,15
1603904604.084539,15
1603904604.097274,14
1603904604.110391,15
1603904604.122649,16
1603904604.135695,15
1603904604.148761,15
1603904604.161073,15
1603904604.173536,16
1603904604.201306,15
1603904604.216666,15
1603904604.229357,16
1603904604.242444,15
1603904604.264571,15
1603904604.276935,17
1603904604.295030,17
1603904604.307231,16
1603904604.329074,16
1603904604.342120,17
1603904604.359665,16
1603904604.378600,16
1603904604.402624,16
1603904604.415447,17
1603904604.428072,17
1603904604.440906,17
1603904604.453350,18
1603904604.480276,18
1603904604.492349,17
1603904604.505821,17
1603904604.519295,19
1603904604.532424,18
1603904604.545573,18
1603904604.570606,19
1603904604.583197,19
1603904604.595235,19
1603904604.610578,19
1603904604.625645,20
1603904604.638690,19
1603904604.651294,18
1603904604.664293,19
1603904604.683846,19
1603904604.701493,19
1603904604.731373,20
1603904604.743882,19
1603904604.757411,19
1603904604.770292,20
1603904604.783167,19
1603904604.800593,19
1603904604.813044,19
1603904604.836520,18
1603904604.848962,18
1603904604.861748,18
1603904604.874644,19
1603904604.887022,18
1603904604.899961,19
1603904604.912769,18
1603904604.925062,19
1603904604.937762,18
1603904604.950980,18
1603904604.967766,18
1603904604.981877,18
1603904604.994800,16
1603904605.007735,15
1603904605.024496,14
1603904605.039332,13
1603904605.051570,13
1603904605.065643,12
1603904605.077875,12
1603904605.090828,10
1603904605.103401,10
1603904605.122034,7
1603904605.134861,9
1603904605.147209,9
1603904605.162530,9
1603904605.175699,10
1603904605.187989,9
1603904605.202071,9
1603904605.214794,10
1603904605.227330,9
1603904605.239588,10
1603904605.252000,10
1603904605.264533,11
1603904605.276768,10
1603904605.290139,10
1603904605.303189,11
1603904605.316758,10
1603904605.329502,11
1603904605.341532,10
1603904605.356046,10
1603904605.368600,12
1603904605.381876,11
1603904605.394006,12
1603904605.406288,11
1603904605.420333,11
1603904605.437045,11
1603904605.452679,11
1603904605.465153,12
1603904605.477642,11
1603904605.490163,13
1603904605.505512,13
1603904605.519322,13
1603904605.531749,13
1603904605.543864,13
1603904605.556207,13
1603904605.568684,14
1603904605.581242,13
1603904605.593090,14
1603904605.605103,13
1603904605.617649,14
1603904605.630243,13
1603904605.643371,13
1603904605.662060,13
1603904605.674954,14
1603904605.701055,15
1603904605.713354,15
1603904605.725646,16
1603904605.738154,15
1603904605.751232,16
1603904605.763572,16
1603904605.776255,17
1603904605.788440,18
1603904605.801029,19
1603904605.814356,20
1603904605.826855,17
1603904605.838750,18
1603904605.852143,17
1603904605.865674,17
1603904605.881817,16
1603904605.893948,17
1603904605.906501,17
1603904605.919133,17
1603904605.934811,15
1603904605.947783,16
1603904605.960264,15
1603904605.973034,15
1603904605.985620,16
1603904605.998969,15
1603904606.012160,16
1603904606.025561,16
1603904606.039474,15
1603904606.052908,18
1603904606.068333,18
1603904606.080808,17
1603904606.093104,18
1603904606.105581,17
1603904606.129339,17
1603904606.141676,18
1603904606.154023,17
1603904606.168719,16
1603904606.184187,17
1603904606.196974,16
1603904606.210802,16
1603904606.223535,18
1603904606.236454,17
1603904606.249156,17
1603904606.261977,18
1603904606.274809,17
1603904606.287137,18
1603904606.300049,18
1603904606.312915,19
1603904606.325347,18
1603904606.338290,18
1603904606.351414,19
1603904606.363769,18
1603904606.376059,18
1603904606.389887,19
1603904606.402664,19
1603904606.415080,20
1603904606.428735,19
1603904606.441262,19
1603904606.453688,18
1603904606.474756,19
1603904606.491773,20
1603904606.504328,19
1603904606.516593,20
1603904606.530814,20
1603904606.542692,19
1603904606.554614,20
1603904606.566685,19
1603904606.589892,19
1603904606.605066,20
1603904606.617663,19
1603904606.631270,19
1603904606.646144,20
1603904606.660806,19
1603904606.683878,17
1603904606.698379,18
1603904606.711871,17
1603904606.729761,15
1603904606.742354,14
1603904606.767486,13
1603904606.790720,11
1603904606.810675,11
1603904606.823140,11
1603904606.835937,10
1603904606.849076,11
1603904606.862336,10
1603904606.884822,10
1603904606.906693,10
1603904606.919125,9
1603904606.931745,10
1603904606.944480,9
1603904606.957324,10
1603904606.984464,9
1603904606.997584,10
1603904607.011798,11
1603904607.026459,10
1603904607.040550,10
1603904607.053512,11
1603904607.080434,10
1603904607.092674,11
1603904607.109737,11
1603904607.122430,11
1603904607.135102,11
1603904607.150743,12
1603904607.162999,11
1603904607.185392,11
1603904607.208587,11
1603904607.221572,12
1603904607.234496,11
1603904607.247225,13
1603904607.259599,12
1603904607.286390,12
1603904607.309020,12
1603904607.322221,12
1603904607.348189,12
1603904607.362054,12
1603904607.387079,13
1603904607.404152,13
1603904607.418283,13
1603904607.431158,14
1603904607.443976,13
1603904607.456672,14
1603904607.473685,15
1603904607.501210,15
1603904607.521005,18
1603904607.533772,17
1603904607.546087,18
1603904607.558733,17
1603904607.571583,17
1603904607.585014,18
1603904607.606124,16
1603904607.631033,15
1603904607.643961,14
1603904607.656939,15
1603904607.673736,15
1603904607.694866,16
1603904607.711251,16
1603904607.733644,16
1603904607.748805,15
1603904607.762502,15
1603904607.786974,15
1603904607.799619,16
1603904607.812034,16
1603904607.824373,16
1603904607.836761,16
1603904607.849618,16
1603904607.861798,17
1603904607.874727,16
1603904607.896969,17
1603904607.926485,16
1603904607.940098,16
1603904607.959009,17
1603904607.972515,17
1603904607.985850,17
1603904608.007555,17
1603904608.034100,18
1603904608.047105,17
1603904608.059795,17
1603904608.072803,19
1603904608.085170,18
1603904608.102968,18
1603904608.125036,18
1603904608.138864,20
1603904608.151752,20
1603904608.166082,19
1603904608.179409,20
1603904608.200195,19
1603904608.226735,19
1603904608.239468,18
1603904608.254635,18
1603904608.267741,19
1603904608.281486,19
1603904608.301970,18
1603904608.325377,20
1603904608.338067,20
1603904608.351134,19
1603904608.363861,19
1603904608.378732,20
1603904608.401197,19
1603904608.431881,20
1603904608.445085,20
1603904608.459016,20
1603904608.473249,19
1603904608.486712,20
1603904608.506727,19
1603904608.519880,19
1603904608.536133,19
1603904608.550174,20
1603904608.562500,19
1603904608.575658,19
1603904608.592786,20
1603904608.612926,20
1603904608.625793,19
1603904608.638413,20
1603904608.652940,20
1603904608.666942,19
1603904608.684920,19
1603904608.697820,19
1603904608.712606,19
1603904608.730626,17
1603904608.747552,16
1603904608.762333,15
1603904608.781165,14
1603904608.802188,13
1603904608.825035,12
1603904608.837584,11
1603904608.852513,10
1603904608.869402,8
1603904608.882672,8
1603904608.908689,9
1603904608.933272,9
1603904608.946178,10
1603904608.958731,9
1603904608.971919,9
1603904608.985316,9
1603904609.014303,10
1603904609.037297,11
1603904609.050278,11
1603904609.062814,10
1603904609.075339,11
1603904609.087904,10
1603904609.112637,11
1603904609.125043,12
1603904609.146363,12
1603904609.158505,11
1603904609.171486,12
1603904609.188172,11
1603904609.208796,11
1603904609.233074,12
1603904609.248768,12
1603904609.261810,13
1603904609.274627,12
1603904609.288415,12
1603904609.312001,12
1603904609.327106,12
1603904609.340554,13
1603904609.353252,12
1603904609.366373,14
1603904609.381532,17
1603904609.395816,17
1603904609.409116,16
1603904609.423702,17
1603904609.436384,17
1603904609.449902,18
1603904609.462880,20
1603904609.476525,20
1603904609.489109,17
1603904609.516963,17
1603904609.529977,19
1603904609.542660,18
1603904609.559237,18
1603904609.573000,16
1603904609.585729,16
1603904609.604934,15
1603904609.628940,17
1603904609.644827,18
1603904609.659060,17
1603904609.671611,16
1603904609.701295,17
1603904609.728326,18
1603904609.742189,17
1603904609.754589,16
1603904609.778794,17
1603904609.791709,17
1603904609.804178,17
1603904609.835860,17
1603904609.850641,17
1603904609.863270,16
1603904609.877615,16
1603904609.890596,17
1603904609.912990,17
1603904609.926873,16
1603904609.950456,16
1603904609.963487,19
1603904609.977261,19
1603904609.990943,18
1603904610.010024,19
1603904610.024765,18
1603904610.046221,18
1603904610.059111,19
1603904610.072299,18
1603904610.085353,18
1603904610.099934,18
1603904610.121921,17
1603904610.140514,19
1603904610.153632,19
1603904610.166656,20
1603904610.179832,19
1603904610.194171,19
1603904610.209548,19
1603904610.222940,20
1603904610.247722,20
1603904610.261135,19
1603904610.273573,19
1603904610.286563,20
1603904610.299487,18
1603904610.312939,20
1603904610.330030,19
1603904610.342805,18
1603904610.363099,18
1603904610.377503,17
1603904610.391107,16
1603904610.404696,16
1603904610.426718,14
1603904610.444503,13
1603904610.457249,12
1603904610.469989,12
1603904610.482746,12
1603904610.496508,11
1603904610.510587,10
1603904610.527256,11
1603904610.548659,12
1603904610.560837,12
1603904610.573643,11
1603904610.586465,10
1603904610.599602,11
1603904610.628238,9
1603904610.645265,10
1603904610.668749,10
1603904610.682449,10
1603904610.697242,11
1603904610.712148,11
1603904610.729423,11
1603904610.741699,10
1603904610.763690,11
1603904610.778404,12
1603904610.790632,11
1603904610.807037,11
1603904610.835565,11
1603904610.847936,11
1603904610.860820,11
1603904610.873662,13
1603904610.886539,12
1603904610.902514,12
1603904610.924683,12
1603904610.943326,13
1603904610.955824,13
1603904610.969345,12
1603904610.982743,12
1603904610.998541,12
1603904611.011911,14
1603904611.032890,13
1603904611.054934,13
1603904611.068383,14
1603904611.082518,14
1603904611.101657,14
1603904611.126595,13
1603904611.139566,15
1603904611.162357,14
1603904611.175125,14
1603904611.187620,15
1603904611.201008,15
1603904611.214622,16
1603904611.237087,16
1603904611.250101,15
1603904611.269041,16
1603904611.282042,15
1603904611.294338,17
1603904611.306900,16
1603904611.330178,15
1603904611.343078,16
1603904611.358851,16
1603904611.372752,15
1603904611.385298,16
1603904611.397853,15
1603904611.410260,16
1603904611.428321,15
1603904611.445161,16
1603904611.464720,16
1603904611.477812,16
1603904611.493348,16
1603904611.509603,16
1603904611.522279,17
1603904611.539135,18
1603904611.553930,18
1603904611.566749,17
1603904611.579555,18
1603904611.591831,17
1603904611.604636,18
1603904611.618978,19
1603904611.640151,18
1603904611.661895,17
1603904611.674490,18
1603904611.694725,17
1603904611.714320,18
1603904611.727508,17
1603904611.757525,17
1603904611.772713,19
1603904611.785138,18
1603904611.810156,18
1603904611.822627,19
1603904611.845926,19
1603904611.864964,18
1603904611.883279,18
1603904611.896980,18
1603904611.909497,19
1603904611.926088,18
1603904611.941004,19
1603904611.957912,20
1603904611.970866,19
1603904611.984809,20
1603904611.997742,19
1603904612.013817,19
1603904612.028276,19
1603904612.042117,19
1603904612.065465,19
1603904612.078407,20
1603904612.090860,19
1603904612.103757,20
1603904612.116402,19
1603904612.131920,19
1603904612.145582,20
1603904612.170956,19
1603904612.184849,20
1603904612.197733,19
1603904612.210814,20
1603904612.234932,19
1603904612.247496,19
1603904612.269075,19
1603904612.283336,19
1603904612.295732,19
1603904612.309241,19
1603904612.322198,20
1603904612.340069,19
1603904612.352815,19
1603904612.373383,17
1603904612.386461,17
1603904612.400729,15
1603904612.413620,14
1603904612.439791,13
1603904612.452611,13
1603904612.467187,12
1603904612.487898,11
1603904612.500897,10
1603904612.513509,10
1603904612.526664,11
1603904612.550764,12
1603904612.575309,11
1603904612.588578,12
1603904612.601443,10
1603904612.614396,10
1603904612.628054,9
1603904612.653350,10
1603904612.668341,10
1603904612.692780,10
1603904612.705745,10
1603904612.718562,11
1603904612.732494,10
1603904612.757856,11
1603904612.781838,11
1603904612.795521,11
1603904612.808270,12
1603904612.822596,11
1603904612.838433,11
1603904612.857976,12
1603904612.870677,12
1603904612.884629,12
1603904612.897014,13
1603904612.913450,13
1603904612.925720,12
1603904612.948889,12
1603904612.962290,13
1603904612.977256,13
1603904612.992440,12
1603904613.005057,13
1603904613.017700,14
1603904613.031056,13
1603904613.043321,14
1603904613.062006,13
1603904613.084969,14
1603904613.097509,13
1603904613.112844,13
1603904613.125858,13
1603904613.138837,15
1603904613.157948,14
1603904613.179938,15
1603904613.193000,14
1603904613.206447,14
1603904613.219777,15
1603904613.234231,14
1603904613.261285,16
1603904613.289388,16
1603904613.301824,17
1603904613.314530,16
1603904613.327222,16
1603904613.340144,16
1603904613.361408,15
1603904613.380987,16
1603904613.394300,16
1603904613.406751,17
1603904613.419594,16
1603904613.432834,18
1603904613.447744,18
1603904613.467030,17
1603904613.491260,17
1603904613.504533,18
1603904613.517204,16
1603904613.531831,17
1603904613.546825,17
1603904613.564703,17
1603904613.587023,18
1603904613.600561,19
1603904613.613429,18
1603904613.625721,19
1603904613.641149,18
1603904613.659587,19
1603904613.675505,18
1603904613.688287,17
1603904613.704770,17
1603904613.733591,18
1603904613.746495,18
1603904613.773854,19
1603904613.786341,19
1603904613.799150,18
1603904613.812021,19
1603904613.824564,18
1603904613.837278,19
1603904613.850877,18
1603904613.868809,19
1603904613.893659,18
1603904613.906485,18
1603904613.921420,18
1603904613.938004,18
1603904613.950982,20
1603904613.965104,20
1603904613.981036,20
1603904613.993523,19
1603904614.006010,20
1603904614.019211,19
1603904614.031892,20
1603904614.045905,20
1603904614.067693,19
1603904614.090148,19
1603904614.102932,20
1603904614.115711,19
1603904614.131466,19
1603904614.151769,19
1603904614.166260,19
1603904614.189234,19
1603904614.201818,20
1603904614.214709,20
1603904614.227337,19
1603904614.240315,20
1603904614.253087,19
1603904614.267313,19
1603904614.289189,20
1603904614.314682,20
1603904614.327387,19
1603904614.340022,18
1603904614.352926,18
1603904614.365850,17
1603904614.379112,17
1603904614.392052,15
1603904614.405782,14
1603904614.420184,13
1603904614.432948,13
1603904614.446481,12
1603904614.461742,11
1603904614.474517,11
1603904614.496991,8
1603904614.510852,8
1603904614.523495,10
1603904614.537396,11
1603904614.550376,10
1603904614.571255,11
1603904614.592988,10
1603904614.605303,11
1603904614.618646,11
1603904614.631201,10
1603904614.644654,11
1603904614.657610,10
1603904614.671216,10
1603904614.683691,10
1603904614.703027,11
1603904614.726158,11
1603904614.751618,11
1603904614.764321,11
1603904614.776872,11
1603904614.789486,12
1603904614.801992,11
1603904614.815593,12
1603904614.828799,12
1603904614.842056,12
1603904614.865103,13
1603904614.889640,13
1603904614.902538,13
1603904614.918298,14
1603904614.933104,13
1603904614.950519,12
1603904614.973502,12
1603904614.999771,14
1603904615.012325,13
1603904615.027665,13
1603904615.043406,13
1603904615.058414,13
1603904615.075176,13
1603904615.098523,14
1603904615.111442,13
1603904615.124649,14
1603904615.137789,15
1603904615.153990,14
1603904615.180999,14
1603904615.196332,14
1603904615.208832,15
1603904615.222705,14
1603904615.235684,15
1603904615.248480,14
1603904615.263413,14
1603904615.282853,16
1603904615.306428,16
1603904615.319872,15
1603904615.335879,15
1603904615.349144,16
1603904615.362218,16
1603904615.385201,15
1603904615.405345,16
1603904615.418313,17
1603904615.434719,17
1603904615.447953,16
1603904615.466151,16
1603904615.492810,16
1603904615.521373,16
1603904615.534658,18
1603904615.548364,18
1603904615.561801,17
1603904615.587185,18
1603904615.604280,18
1603904615.621589,19
1603904615.634823,18
1603904615.650680,18
1603904615.663863,19
1603904615.686783,18
1603904615.703079,17
1603904615.722765,17
1603904615.735286,18
1603904615.747990,17
1603904615.770157,18
1603904615.794400,18
1603904615.813136,18
1603904615.827950,18
1603904615.840681,19
1603904615.854327,18
1603904615.868086,18
1603904615.891674,18
1603904615.914161,19
1603904615.927280,18
1603904615.941615,19
1603904615.958025,19
1603904615.971810,19
1603904615.995935,20
1603904616.023253,19
1603904616.036221,20
1603904616.062803,19
1603904616.075591,20
1603904616.088556,19
1603904616.106375,20
1603904616.133491,19
1603904616.146960,20
1603904616.160352,19
1603904616.174315,18
1603904616.194082,19
1603904616.219455,19
1603904616.232809,19
1603904616.245567,20
1603904616.258297,19
1603904616.272947,19
1603904616.301435,20
1603904616.314309,19
1603904616.327717,19
1603904616.341390,18
1603904616.353824,17
1603904616.366836,17
1603904616.380012,15
1603904616.400423,14
1603904616.413276,14
1603904616.425579,12
1603904616.438445,12
1603904616.451513,11
1603904616.464224,10
1603904616.480545,10
1603904616.499544,9
1603904616.521673,10
1603904616.534982,12
1603904616.547601,11
1603904616.560088,11
1603904616.572561,10
1603904616.601171,11
1603904616.614232,11
1603904616.626651,10
1603904616.639170,10
1603904616.651843,10
1603904616.667824,10
1603904616.697126,11
1603904616.709506,10
1603904616.723543,12
1603904616.745929,12
1603904616.760062,11
1603904616.774065,11
1603904616.786911,12
1603904616.801129,12
1603904616.814626,11
1603904616.827218,12
1603904616.839781,11
1603904616.852164,13
1603904616.865551,13
1603904616.878342,12
1603904616.890407,12
1603904616.904324,12
1603904616.929313,12
1603904616.942377,12
1603904616.958867,12
1603904616.971500,14
1603904616.986006,13
1603904616.998963,13
1603904617.014535,14
1603904617.027481,14
1603904617.040041,13
1603904617.053500,14
1603904617.066882,13
1603904617.080425,13
1603904617.092546,14
1603904617.104776,13
1603904617.129348,14
1603904617.141952,15
1603904617.154143,14
1603904617.166677,15
1603904617.179203,14
1603904617.191506,15
1603904617.216190,15
1603904617.229284,15
1603904617.245372,14
1603904617.258640,15
1603904617.271281,16
1603904617.284785,15
1603904617.313631,15
1603904617.332822,15
1603904617.346011,15
1603904617.358889,16
1603904617.371611,15
1603904617.384588,17
1603904617.408231,18
1603904617.434874,17
1603904617.447851,17
1603904617.460563,17
1603904617.473270,18
1603904617.486820,17
1603904617.509763,16
1603904617.526981,16
1603904617.539643,18
1603904617.551719,17
1603904617.564101,18
1603904617.578079,19
1603904617.605242,18
1603904617.618239,19
1603904617.631168,18
1603904617.644088,19
1603904617.657134,19
1603904617.670581,17
1603904617.683502,18
1603904617.705409,17
1603904617.718117,17
1603904617.735418,17
1603904617.758783,18
1603904617.771277,19
1603904617.784543,18
1603904617.805490,19
1603904617.818424,18
1603904617.837366,19
1603904617.853443,19
1603904617.866675,18
1603904617.879175,19
1603904617.893488,19
1603904617.906313,18
1603904617.920656,19
1603904617.938024,19
1603904617.959946,20
1603904617.972636,20
1603904617.986043,19
1603904617.999001,20
1603904618.018804,19
1603904618.043558,19
1603904618.056326,20
1603904618.068858,20
1603904618.083215,19
1603904618.096486,20
1603904618.115767,19
1603904618.140927,19
1603904618.153469,20
1603904618.166475,20
1603904618.179360,19
1603904618.191896,20
1603904618.207221,20
1603904618.221756,19
1603904618.245561,19
1603904618.258247,20
1603904618.270618,19
1603904618.283549,19
1603904618.297372,20
1603904618.310317,19
1603904618.322714,19
1603904618.337086,18
1603904618.350456,16
1603904618.363537,16
1603904618.375864,15
1603904618.388863,14
1603904618.408579,13
1603904618.420809,12
1603904618.444969,10
1603904618.458579,10
1603904618.482934,9
1603904618.495398,9
1603904618.517148,10
1603904618.539311,11
1603904618.552459,10
1603904618.564960,11
1603904618.577842,10
1603904618.591752,10
1603904618.605963,11
1603904618.620263,12
1603904618.640371,10
1603904618.653314,11
1603904618.666200,10
1603904618.680360,11
1603904618.693966,11
1603904618.716474,11
1603904618.732464,11
1603904618.756843,12
1603904618.771245,11
1603904618.787747,11
1603904618.801441,11
1603904618.815088,12
1603904618.827642,11
1603904618.840730,12
1603904618.853186,13
1603904618.866886,12
1603904618.879284,13
1603904618.894202,13
1603904618.906857,12
1603904618.925081,12
1603904618.937218,13
1603904618.950144,13
1603904618.963119,13
1603904618.976860,14
1603904618.990674,13
1603904619.002977,13
1603904619.025504,14
1603904619.045968,13
1603904619.058779,13
1603904619.084319,13
1603904619.097404,15
1603904619.110222,14
1603904619.131836,14
1603904619.153404,15
1603904619.167134,14
1603904619.181334,14
1603904619.193895,15
1603904619.207008,14
1603904619.226122,15
1603904619.253198,15
1603904619.266329,16
1603904619.278865,15
1603904619.291370,16
1603904619.303916,15
1603904619.325204,16
1603904619.337550,15
1603904619.357443,16
1603904619.372313,16
1603904619.387886,15
1603904619.400364,16
1603904619.422903,16
1603904619.435825,17
1603904619.451813,17
1603904619.464298,16
1603904619.476336,17
1603904619.488945,16
1603904619.501934,17
1603904619.529360,16
1603904619.552303,17
1603904619.565445,19
1603904619.579092,18
1603904619.593739,18
1603904619.608317,18
1603904619.628017,18
1603904619.646977,18
1603904619.660604,18
1603904619.677394,18
1603904619.694367,18
1603904619.711352,18
1603904619.731678,18
1603904619.744756,19
1603904619.767634,19
1603904619.786269,18
1603904619.802309,19
1603904619.826685,18
1603904619.842028,19
1603904619.854623,18
1603904619.868723,18
1603904619.880829,19
1603904619.894379,18
1603904619.909240,19
1603904619.932655,19
1603904619.952780,20
1603904619.965868,19
1603904619.980919,19
1603904619.993658,20
1603904620.006116,19
1603904620.034776,20
1603904620.049372,19
1603904620.062090,19
1603904620.074703,20
1603904620.088591,19
1603904620.101841,19
1603904620.114853,20
1603904620.136806,19
1603904620.150322,19
1603904620.163823,20
1603904620.176964,19
1603904620.190506,19
1603904620.203493,20
1603904620.215959,19
1603904620.235156,20
1603904620.250701,20
1603904620.263551,19
1603904620.277719,20
1603904620.298480,19
1603904620.311656,18
1603904620.337059,16
1603904620.358701,16
1603904620.381062,14
1603904620.394042,13
1603904620.409289,12
1603904620.422060,12
1603904620.434670,10
1603904620.447054,10
1603904620.459359,8
1603904620.471713,9
1603904620.483795,9
1603904620.496014,10
1603904620.508086,9
1603904620.521934,9
1603904620.547255,10
1603904620.561315,10
1603904620.576470,11
1603904620.589675,11
1603904620.603382,11
1603904620.616155,12
1603904620.629652,10
1603904620.644320,10
1603904620.662144,10
1603904620.677648,10
1603904620.702343,11
1603904620.722606,12
1603904620.745332,12
1603904620.758030,11
1603904620.784323,11
1603904620.805597,11
1603904620.819270,13
1603904620.832497,13
1603904620.845216,12
1603904620.857611,12
1603904620.877890,12
1603904620.890500,13
1603904620.902761,12
1603904620.915596,13
1603904620.933523,12
1603904620.945899,14
1603904620.967903,13
1603904620.980431,14
1603904620.992993,13
1603904621.005556,13
1603904621.018581,14
1603904621.040537,13
1603904621.053584,14
1603904621.072258,13
1603904621.089583,14
1603904621.102625,15
1603904621.115469,15
1603904621.128570,14
1603904621.145189,14
1603904621.169772,14
1603904621.182883,15
1603904621.195469,14
1603904621.208165,14
1603904621.221232,15
1603904621.233883,15
1603904621.252343,15
1603904621.276942,17
1603904621.291073,16
1603904621.304228,17
1603904621.316969,17
1603904621.331019,16
1603904621.357930,17
1603904621.385643,17
1603904621.399288,17
1603904621.412505,16
1603904621.425949,17
1603904621.455662,16
1603904621.468216,16
1603904621.487397,16
1603904621.502114,16
1603904621.515063,17
1603904621.528126,16
1603904621.540746,16
1603904621.554113,19
1603904621.577267,18
1603904621.590142,18
1603904621.602714,19
1603904621.616999,18
1603904621.629677,18
1603904621.652296,19
1603904621.670330,18
1603904621.682705,18
1603904621.695461,17
1603904621.707936,17
1603904621.730382,18
1603904621.743825,18
1603904621.764031,19
1603904621.780681,19
1603904621.798884,19
1603904621.811988,19
1603904621.824696,18
1603904621.845010,19
1603904621.857582,18
1603904621.875360,18
1603904621.902885,20
1603904621.916863,19
1603904621.930825,19
1603904621.944605,20
1603904621.958080,20
1603904621.970950,19
1603904621.989119,19
1603904622.002159,19
1603904622.014901,19
1603904622.028150,19
1603904622.040719,20
1603904622.053003,19
1603904622.066073,19
1603904622.089734,20
1603904622.102060,20
1603904622.114710,19
1603904622.126918,20
1603904622.148765,19
1603904622.161259,20
1603904622.177611,20
1603904622.190054,19
1603904622.202526,20
1603904622.215024,19
1603904622.229758,19
1603904622.252977,19
1603904622.277683,19
1603904622.290378,19
1603904622.304558,18
1603904622.318341,17
1603904622.330774,17
1603904622.343213,15
1603904622.359130,14
1603904622.373905,13
1603904622.395541,13
1603904622.408608,11
1603904622.422049,10
1603904622.439384,9
1603904622.452165,9
1603904622.474178,9
1603904622.493976,9
1603904622.506178,9
1603904622.524385,9
1603904622.538841,9
1603904622.565051,10
1603904622.580362,12
1603904622.601321,11
1603904622.614163,12
1603904622.627531,10
1603904622.641006,10
1603904622.666743,10
1603904622.682050,10
1603904622.694338,12
1603904622.712009,12
1603904622.724702,11
1603904622.737978,11
1603904622.750313,12
1603904622.764686,11
1603904622.778194,11
1603904622.795996,11
1603904622.808567,13
1603904622.821918,13
1603904622.834418,12
1603904622.849808,13
1603904622.864618,13
1603904622.877876,12
1603904622.894273,12
1603904622.908119,12
1603904622.921112,13
1603904622.934416,12
1603904622.947654,13
1603904622.969589,14
1603904622.995515,13
1603904623.007719,14
1603904623.020508,13
1603904623.034142,14
1603904623.050418,14
1603904623.068436,13
1603904623.081264,15
1603904623.097100,15
1603904623.110004,14
1603904623.122440,15
1603904623.135282,14
1603904623.150321,14
1603904623.173784,14
1603904623.193432,15
1603904623.206325,14
1603904623.219062,16
1603904623.231518,15
1603904623.244117,16
1603904623.270297,15
1603904623.293693,16
1603904623.308187,15
1603904623.320942,15
1603904623.333768,16
1603904623.346445,15
1603904623.376197,16
1603904623.395725,16
1603904623.408003,16
1603904623.420428,17
1603904623.434503,16
1603904623.449383,16
1603904623.477070,17
1603904623.496666,16
1603904623.509502,17
1603904623.531312,16
1603904623.544564,17
1603904623.561420,18
1603904623.576198,19
1603904623.601287,18
1603904623.614113,19
1603904623.626970,18
1603904623.640169,19
1603904623.653014,18
1603904623.676700,18
1603904623.698619,17
1603904623.710745,19
1603904623.724270,18
1603904623.737237,19
1603904623.749823,18
1603904623.765098,18
1603904623.791438,18
1603904623.805740,18
1603904623.829345,18
1603904623.843148,19
1603904623.858848,19
1603904623.875271,19
1603904623.893421,19
1603904623.918725,19
1603904623.931503,20
1603904623.944330,19
1603904623.959766,19
1603904623.973978,19
1603904623.987471,20
1603904624.008762,19
1603904624.021101,20
1603904624.034090,20
1603904624.047092,19
1603904624.060944,20
1603904624.086229,19
1603904624.106999,20
1603904624.120059,19
1603904624.141679,20
1603904624.154669,20
1603904624.177252,19
1603904624.190178,20
1603904624.211766,20
1603904624.224659,19
1603904624.237491,20
1603904624.250166,19
1603904624.263392,19
1603904624.281560,18
1603904624.297223,17
1603904624.311560,17
1603904624.324260,16
1603904624.336638,15
1603904624.349942,15
1603904624.362043,13
1603904624.383910,13
1603904624.396881,12
1603904624.409224,10
1603904624.421992,10
1603904624.435096,8
1603904624.447812,9
1603904624.460446,9
1603904624.473743,10
1603904624.490528,10
1603904624.518615,11
1603904624.531811,10
1603904624.544546,11
1603904624.557683,10
1603904624.585065,12
1603904624.605488,11
1603904624.618482,12
1603904624.631220,12
1603904624.644036,10
1603904624.657250,11
1603904624.670094,10
1603904624.690684,12
1603904624.703627,11
1603904624.729042,12
1603904624.741946,11
1603904624.766359,11
1603904624.778700,12
1603904624.797815,12
1603904624.810626,13
1603904624.825555,12
1603904624.838592,12
1603904624.851304,13
1603904624.866055,13
1603904624.888903,12
1603904624.902194,13
1603904624.916780,13
1603904624.931984,14
1603904624.944654,13
1603904624.958326,14
1603904624.971641,13
1603904624.992746,13
1603904625.005105,14
1603904625.018179,13
1603904625.031774,13
1603904625.044280,14
1603904625.057066,13
1603904625.074738,14
1603904625.092548,15
1603904625.105339,14
1603904625.119167,15
1603904625.135438,15
1603904625.148974,14
1603904625.161796,14
1603904625.184762,14
1603904625.200796,15
1603904625.213341,15
1603904625.226609,15
1603904625.239314,16
1603904625.251719,15
1603904625.264541,16
1603904625.277792,15
1603904625.297267,16
1603904625.318451,15
1603904625.332724,15
1603904625.355899,15
1603904625.369092,17
1603904625.393315,17
1603904625.406582,16
1603904625.426537,17
1603904625.441213,17
1603904625.454308,16
1603904625.467124,17
1603904625.485149,16
1603904625.502254,16
1603904625.521870,18
1603904625.536437,17
1603904625.549476,17
1603904625.562440,19
1603904625.579872,18
1603904625.594660,19
1603904625.621159,19
1603904625.633870,18
1603904625.646619,18
1603904625.659122,19
1603904625.671332,18
1603904625.700497,18
1603904625.720682,18
1603904625.734820,18
1603904625.749799,19
1603904625.767961,18
1603904625.781070,19
1603904625.804474,18
1603904625.817803,18
1603904625.830851,19
1603904625.846120,19
1603904625.870350,20
1603904625.884171,19
1603904625.898575,19
1603904625.917517,20
1603904625.938572,19
1603904625.951609,20
1603904625.963830,19
1603904625.976877,19
1603904626.010831,19
1603904626.026313,19
1603904626.043411,19
1603904626.058519,19
1603904626.071976,19
1603904626.098954,19
1603904626.124989,19
1603904626.138687,19
1603904626.152229,20
1603904626.165560,19
1603904626.179356,19
1603904626.193004,20
1603904626.209829,20
1603904626.234078,20
1603904626.246449,19
1603904626.258972,20
1603904626.271555,18
1603904626.288702,18
1603904626.307107,17
1603904626.331312,15
1603904626.344178,14
1603904626.357437,13
1603904626.370168,13
1603904626.384942,11
1603904626.406601,10
1603904626.427393,9
1603904626.442637,10
1603904626.455080,9
1603904626.468313,10
1603904626.481334,9
1603904626.505780,9
1603904626.518448,9
1603904626.530560,10
1603904626.544847,9
1603904626.560417,11
1603904626.576438,11
1603904626.589768,12
1603904626.613814,12
1603904626.626325,11
1603904626.640567,10
1603904626.653079,11
1603904626.666521,11
1603904626.679666,12
1603904626.692304,12
1603904626.711242,12
1603904626.735831,12
1603904626.751990,12
1603904626.764790,12
1603904626.778029,11
1603904626.790625,13
1603904626.805417,12
1603904626.824213,13
1603904626.849840,12
1603904626.862596,13
1603904626.875442,12
1603904626.888348,13
1603904626.903356,13
1603904626.916232,13
1603904626.941100,13
1603904626.954263,13
1603904626.967153,13
1603904626.980695,13
1603904626.993258,14
1603904627.011082,13
1603904627.026358,14
1603904627.038726,13
1603904627.052895,14
1603904627.065509,15
1603904627.079604,14
1603904627.092375,14
1603904627.109850,14
1603904627.125720,14
1603904627.146212,15
1603904627.159486,14
1603904627.172541,14
1603904627.185530,15
1603904627.198400,15
1603904627.224870,15
1603904627.237217,15
1603904627.250655,16
1603904627.263764,15
1603904627.276345,16
1603904627.289255,15
1603904627.311930,15
1603904627.324533,16
1603904627.344965,15
1603904627.358194,17
1603904627.370488,17
1603904627.383376,16
1603904627.396786,16
1603904627.417565,16
1603904627.442345,16
1603904627.455334,16
1603904627.467884,16
1603904627.482536,16
1603904627.494827,17
1603904627.520514,17
1603904627.543974,17
1603904627.557423,19
1603904627.570219,18
1603904627.582824,19
1603904627.596929,19
1603904627.621644,19
1603904627.644116,18
1603904627.657234,18
1603904627.671717,19
1603904627.686963,20
1603904627.699673,18
1603904627.726056,18
1603904627.738963,19
1603904627.754224,18
1603904627.767294,19
1603904627.786312,19
1603904627.799172,19
1603904627.813746,18
1603904627.827208,18
1603904627.855511,20
1603904627.868601,19
1603904627.881207,20
1603904627.894030,19
1603904627.906945,20
1603904627.919481,19
1603904627.932107,19
1603904627.956327,20
1603904627.969832,20
1603904627.982191,19
1603904627.998813,19
1603904628.020079,20
1603904628.033766,20
1603904628.051959,20
1603904628.065407,19
1603904628.079171,19
1603904628.094287,19
1603904628.107847,19
1603904628.119836,19
1603904628.132709,20
1603904628.144912,19
1603904628.159534,19
1603904628.172453,20
1603904628.185786,19
1603904628.199010,19
1603904628.211674,20
1603904628.224319,19
1603904628.236412,20
1603904628.261394,19
1603904628.273843,17
1603904628.287492,16
1603904628.305738,15
1603904628.329008,14
1603904628.345732,13
1603904628.362086,12
1603904628.374408,12
1603904628.387431,10
1603904628.402376,9
1603904628.424353,8
1603904628.437881,10
1603904628.458593,9
1603904628.471717,10
1603904628.484878,10
1603904628.497943,9
1603904628.510127,9
1603904628.532386,9
1603904628.558165,11
1603904628.570898,11
1603904628.584200,12
1603904628.596906,11
1603904628.609764,12
1603904628.621961,11
1603904628.637560,11
1603904628.667359,12
1603904628.681204,12
1603904628.694963,11
1603904628.710268,11
1603904628.723652,11
1603904628.741495,11
1603904628.761528,12
1603904628.785425,13
1603904628.801207,12
1603904628.824973,13
1603904628.852718,13
1603904628.866510,13
1603904628.888745,12
1603904628.902169,13
1603904628.928981,13
1603904628.954976,13
1603904628.976599,13
1603904628.990367,13
1603904629.017625,13
1603904629.031611,13
1603904629.058521,14
1603904629.088692,13
1603904629.103135,15
1603904629.119733,15
1603904629.145825,14
1603904629.169123,14
1603904629.182041,16
1603904629.194527,15
1603904629.209660,15
1603904629.222608,15
1603904629.240463,15
1603904629.265329,15
1603904629.278022,16
1603904629.290827,15
1603904629.307519,15
1603904629.321538,15
1603904629.340135,16
1603904629.359342,17
1603904629.371485,16
1603904629.387445,16
1603904629.400801,17
1603904629.413571,16
1603904629.442058,17
1603904629.465098,17
1603904629.479029,17
1603904629.492480,16
1603904629.504902,17
1603904629.519055,18
1603904629.531505,17
1603904629.555377,18
1603904629.568070,17
1603904629.591209,17
1603904629.605058,17
1603904629.628521,18
1603904629.641219,18
1603904629.669064,18
1603904629.681885,19
1603904629.695418,18
1603904629.707927,19
1603904629.721503,19
1603904629.734348,18
1603904629.746727,19
1603904629.758929,18
1603904629.772341,19
1603904629.784906,18
1603904629.796989,19
1603904629.809273,18
1603904629.822151,18
1603904629.834351,19
1603904629.853144,20
1603904629.878896,19
1603904629.891562,20
1603904629.904246,19
1603904629.917039,20
1603904629.937238,19
1603904629.950262,20
1603904629.973474,20
1603904629.986087,19
1603904629.998368,20
1603904630.011517,19
1603904630.025764,19
1603904630.047281,20
1603904630.073313,19
1603904630.086143,20
1603904630.101192,19
1603904630.113636,19
1603904630.126089,20
1603904630.155380,19
1603904630.167810,20
1603904630.184053,20
1603904630.210799,19
1603904630.223686,20
1603904630.236766,19
1603904630.250557,18
1603904630.267857,17
1603904630.280186,17
1603904630.294541,16
1603904630.311932,14
1603904630.330770,12
1603904630.347174,11
1603904630.371440,10
1603904630.389257,9
1603904630.402257,9
1603904630.415092,8
1603904630.429396,9
1603904630.457144,10
1603904630.476636,9
1603904630.492165,9
1603904630.504806,10
1603904630.518075,9
1603904630.530669,11
1603904630.555217,11
1603904630.575681,10
1603904630.591312,10
1603904630.607511,10
1603904630.620287,11
1603904630.633636,10
1603904630.657674,11
1603904630.673096,11
1603904630.685929,11
1603904630.699279,12
1603904630.711951,11
1603904630.724877,11
1603904630.737729,11
1603904630.753999,11
1603904630.767353,12
1603904630.780622,13
1603904630.793773,12
1603904630.806661,13
1603904630.819986,13
1603904630.834056,12
1603904630.847080,12
1603904630.861734,13
1603904630.874606,12
1603904630.887018,14
1603904630.899353,13
1603904630.913743,13
1603904630.926279,13
1603904630.941651,14
1603904630.953479,13
1603904630.966295,14
1603904630.989561,14
1603904631.003088,13
1603904631.019075,13
1603904631.035259,14
1603904631.063844,15
1603904631.087041,15
1603904631.099595,14
1603904631.116696,14
1603904631.129732,14
1603904631.142912,15
1603904631.161189,15
1603904631.185257,16
1603904631.198613,15
1603904631.213151,15
1603904631.226129,16
1603904631.238552,15
1603904631.262633,15
1603904631.285136,15
1603904631.298086,16
1603904631.312005,16
1603904631.326049,16
1603904631.340836,15
1603904631.360942,16
1603904631.381858,16
1603904631.397331,16
1603904631.410167,17
1603904631.423103,16
1603904631.436032,17
1603904631.460806,16
1603904631.473925,16
1603904631.494403,17
1603904631.507920,18
1603904631.523274,17
1603904631.535968,17
1603904631.555907,17
1603904631.568760,17
1603904631.593086,17
1603904631.606033,18
1603904631.620648,18
1603904631.633698,17
1603904631.647245,17
1603904631.669259,19
1603904631.690523,18
1603904631.705900,18
1603904631.719115,19
1603904631.732384,19
1603904631.745959,18
1603904631.768960,18
1603904631.790304,19
1603904631.803226,18
1603904631.818527,18
1603904631.831347,20
1603904631.844070,19
1603904631.857333,19
1603904631.874341,19
1603904631.886974,20
1603904631.899703,19
1603904631.912475,20
1603904631.925221,20
1603904631.939350,19
1603904631.954654,19
1603904631.967765,20
1603904631.980252,19
1603904632.002356,20
1603904632.015223,20
1603904632.030315,19
1603904632.043365,19
1603904632.056259,19
1603904632.077006,19
1603904632.091222,20
1603904632.104099,20
1603904632.117348,19
1603904632.130196,20
1603904632.142531,19
1603904632.157392,18
1603904632.169904,19
1603904632.183855,18
1603904632.205047,18
1603904632.218265,17
1603904632.232399,16
1603904632.248562,15
1603904632.270911,13
1603904632.283851,13
1603904632.298310,12
1603904632.313448,11
1603904632.326001,11
1603904632.339585,9
1603904632.355038,8
1603904632.377290,8
1603904632.398864,10
1603904632.412594,10
1603904632.425389,9
1603904632.437794,10
1603904632.451906,9
1603904632.465692,9
1603904632.485165,9
1603904632.507730,10
1603904632.520380,10
1603904632.532982,11
1603904632.557878,11
1603904632.570472,10
1603904632.590365,11
1603904632.605167,11
1603904632.618177,11
1603904632.630820,12
1603904632.644861,11
1603904632.657629,11
1603904632.676873,12
1603904632.689058,12
1603904632.707139,11
1603904632.719729,13
1603904632.731974,12
1603904632.744507,12
1603904632.757517,12
1603904632.781433,12
1603904632.805006,12
1603904632.821079,12
1603904632.834384,13
1603904632.847863,12
1603904632.866407,14
1603904632.889196,14
1603904632.906466,14
1603904632.923437,14
1603904632.938814,14
1603904632.960592,13
1603904632.975059,13
1603904632.990423,14
1603904633.014212,15
1603904633.027083,15
1603904633.042332,15
1603904633.055873,14
1603904633.069495,15
1603904633.081965,14
1603904633.094898,14
1603904633.115385,15
1603904633.128529,14
1603904633.141279,16
1603904633.154207,16
1603904633.167223,15
1603904633.189734,16
1603904633.202301,15
1603904633.216534,15
1603904633.230666,16
1603904633.243930,16
1603904633.257284,15
1603904633.271156,16
1603904633.293563,17
1603904633.316013,16
1603904633.328680,16
1603904633.341450,17
1603904633.353479,16
1603904633.365779,16
1603904633.389859,17
1603904633.412831,17
1603904633.425223,16
1603904633.437738,16
1603904633.450707,17
1603904633.466094,17
1603904633.487844,18
1603904633.509836,17
1603904633.522212,17
1603904633.537301,18
1603904633.550197,18
1603904633.564193,17
1603904633.589716,17
1603904633.606969,17
1603904633.620159,18
1603904633.633093,19
1603904633.647009,18
1603904633.660782,18
1603904633.674032,19
1603904633.686454,18
1603904633.699275,19
1603904633.721157,19
1603904633.733779,18
1603904633.746090,19
1603904633.758717,18
1603904633.776825,18
1603904633.800962,19
1603904633.816612,19
1603904633.828957,19
1603904633.843474,20
1603904633.857339,20
1603904633.870512,19
1603904633.883008,20
1603904633.900962,20
1603904633.923628,20
1603904633.937750,20
1603904633.952237,19
1603904633.968141,19
1603904633.982778,19
1603904633.998076,20
1603904634.021382,20
1603904634.034123,19
1603904634.046238,20
1603904634.059029,19
1603904634.073112,19
1603904634.085707,20
1603904634.100971,20
1603904634.120173,19
1603904634.132929,20
1603904634.146780,19
1603904634.162236,19
1603904634.174773,19
1603904634.187303,19
1603904634.206537,18
1603904634.227097,16
1603904634.239574,16
1603904634.252502,15
1603904634.266817,14
1603904634.279566,14
1603904634.300568,12
1603904634.323600,10
1603904634.336400,10
1603904634.351159,9
1603904634.364012,8
1603904634.382003,9
1603904634.402108,10
1603904634.426685,9
1603904634.439992,10
1603904634.453000,9
1603904634.466238,10
1603904634.478934,10
1603904634.500657,10
1603904634.513250,11
1603904634.526836,10
1603904634.539195,11
1603904634.552715,11
1603904634.566527,10
1603904634.579378,9
1603904634.603826,12
1603904634.619023,12
1603904634.632391,11
1603904634.645025,11
1603904634.657928,12
1603904634.670703,11
1603904634.683534,12
1603904634.709374,12
1603904634.722711,13
1603904634.737432,12
1603904634.750850,12
1603904634.763374,13
1603904634.775821,12
1603904634.788063,13
1603904634.804458,13
1603904634.829515,13
1603904634.842090,13
1603904634.858806,14
1603904634.871174,13
1603904634.893625,13
1603904634.909663,14
1603904634.935405,13
1603904634.948699,14
1603904634.961452,13
1603904634.974169,15
1603904634.986809,14
1603904635.007146,15
1603904635.034960,14
1603904635.048207,14
1603904635.060851,15
1603904635.073721,14
1603904635.086747,15
1603904635.111188,15
1603904635.131490,15
1603904635.143977,16
1603904635.156528,15
1603904635.169214,15
1603904635.182330,16
1603904635.210503,15
1603904635.223794,16
1603904635.236923,15
1603904635.250063,15
1603904635.262619,16
1603904635.275877,16
1603904635.288779,17
1603904635.312901,17
1603904635.334368,16
1603904635.347182,16
1603904635.359669,17
1603904635.372490,16
1603904635.385188,17
1603904635.412089,16
1603904635.437356,17
1603904635.449838,18
1603904635.462237,17
1603904635.474806,18
1603904635.487845,17
1603904635.502821,17
1603904635.520174,17
1603904635.543078,17
1603904635.555529,18
1603904635.568711,17
1603904635.581966,17
1603904635.594882,18
1603904635.622895,19
1603904635.641022,19
1603904635.653720,19
1603904635.666637,20
1603904635.679774,19
1603904635.692475,20
1603904635.715798,20
1603904635.731159,20
1603904635.745684,19
1603904635.758813,19
1603904635.771717,20
1603904635.784860,18
1603904635.802295,18
1603904635.819011,18
1603904635.844264,18
1603904635.857766,18
1603904635.870177,19
1603904635.883048,18
1603904635.895874,18
1603904635.920751,18
1603904635.946158,18
1603904635.959942,19
1603904635.973045,18
1603904635.987394,17
1603904636.003846,16
1603904636.025748,15
1603904636.058238,13
1603904636.071633,13
1603904636.086147,11
1603904636.101092,10
1603904636.128194,8
1603904636.156456,9
1603904636.170099,10
1603904636.183362,10
1603904636.195978,9
1603904636.220855,9
1603904636.240978,9
1603904636.254095,9
1603904636.266500,11
1603904636.279480,10
1603904636.291930,10
1603904636.306582,10
1603904636.322044,11
1603904636.345523,11
1603904636.358129,10
1603904636.370595,12
1603904636.383510,11
1603904636.397673,11
1603904636.410228,12
1603904636.433882,12
1603904636.446332,11
1603904636.462084,11
1603904636.474855,12
1603904636.487214,11
1603904636.507963,12
1603904636.525136,13
1603904636.555685,13
1603904636.571867,13
1603904636.590062,13
1603904636.612919,13
1603904636.627230,14
1603904636.648843,13
1603904636.662481,14
1603904636.675153,13
1603904636.687890,13
1603904636.701566,14
1603904636.714246,13
1603904636.727726,13
1603904636.751736,14
1603904636.764911,15
1603904636.778199,14
1603904636.790990,15
1603904636.803929,14
1603904636.828388,14
1603904636.856418,15
1603904636.869214,15
1603904636.882846,14
1603904636.895591,15
1603904636.908975,15
1603904636.925684,15
1603904636.938267,15
1603904636.954714,15
1603904636.969606,16
1603904636.982482,16
1603904636.996255,15
1603904637.008610,16
1603904637.033244,16
1603904637.050799,16
1603904637.063280,17
1603904637.076788,16
1603904637.090297,17
1603904637.102561,16
1603904637.115711,17
1603904637.131129,17
1603904637.153487,17
1603904637.166282,16
1603904637.178778,16
1603904637.191369,16
1603904637.204292,16
1603904637.219310,18
1603904637.249817,17
1603904637.265596,18
1603904637.278897,17
1603904637.291971,18
1603904637.304964,17
1603904637.329760,18
1603904637.353191,18
1603904637.366345,17
1603904637.379019,18
1603904637.391760,18
1603904637.404567,19
1603904637.428869,19
1603904637.444944,19
1603904637.457347,18
1603904637.470665,19
1603904637.483746,19
1603904637.497180,18
1603904637.510525,19
1603904637.537752,18
1603904637.560811,19
1603904637.574460,20
1603904637.586963,19
1603904637.600842,19
1603904637.614400,20
1603904637.638220,20
1603904637.662716,19
1603904637.675506,19
1603904637.688562,20
1603904637.701400,20
1603904637.713880,19
1603904637.741305,19
1603904637.759116,19
1603904637.773569,19
1603904637.787461,19
1603904637.800192,19
1603904637.813750,19
1603904637.826307,19
1603904637.850022,19
1603904637.867803,19
1603904637.880290,20
1603904637.894755,20
1603904637.908422,19
1603904637.926780,19
1603904637.939261,19
1603904637.951572,19
1603904637.966935,18
1603904637.991182,17
1603904638.005153,16
1603904638.018186,16
1603904638.044311,13
1603904638.069505,12
1603904638.082831,12
1603904638.096270,10
1603904638.110894,9
1603904638.127448,8
1603904638.141059,9
1603904638.165899,9
1603904638.179150,10
1603904638.191519,9
1603904638.204650,10
1603904638.224282,9
1603904638.237020,10
1603904638.250203,11
1603904638.267055,10
1603904638.281728,10
1603904638.295029,10
1603904638.308522,11
1603904638.322574,10
1603904638.344762,10
1603904638.368599,11
1603904638.381555,12
1603904638.394319,11
1603904638.407054,12
1603904638.421149,12
1603904638.444225,12
1603904638.458995,11
1603904638.481407,12
1603904638.494084,13
1603904638.506844,12
1603904638.520023,13
1603904638.541490,13
1603904638.554084,12
1603904638.574238,13
1603904638.586303,12
1603904638.598780,13
1603904638.613329,14
1603904638.628245,13
1603904638.641499,14
1603904638.654059,13
1603904638.666897,13
1603904638.685936,13
1603904638.700349,13
1603904638.713289,14
1603904638.728246,13
1603904638.749152,14
1603904638.761739,14
1603904638.781974,14
1603904638.796978,14
1603904638.811486,14
1603904638.824693,15
1603904638.850597,15
1603904638.876556,14
1603904638.890476,16
1603904638.903114,15
1603904638.918526,15
1603904638.935485,15
1603904638.956446,16
1603904638.985812,16
1603904638.999947,15
1603904639.014225,15
1603904639.027558,16
1603904639.057878,17
1603904639.074092,16
1603904639.088768,16
1603904639.102243,16
1603904639.117507,17
1603904639.130162,16
1603904639.152934,16
1603904639.165422,18
1603904639.178910,18
1603904639.204198,19
1603904639.217184,18
1603904639.229938,19
1603904639.250059,18
1603904639.263406,18
1603904639.277953,19
1603904639.291287,18
1603904639.304562,17
1603904639.317950,19
1603904639.338261,19
1603904639.351904,20
1603904639.380708,20
1603904639.403745,19
1603904639.425100,19
1603904639.437776,20
1603904639.460012,19
1603904639.484984,17
1603904639.497945,20
1603904639.510939,19
1603904639.523525,19
1603904639.535957,19
1603904639.561819,20
1603904639.582387,18
1603904639.596636,17
1603904639.610518,16
1603904639.623214,15
1603904639.635800,14
1603904639.659192,17
1603904639.671631,15
1603904639.685752,14
1603904639.702307,13
1603904639.715445,13
1603904639.728101,11
1603904639.741282,11
1603904639.758590,12
1603904639.772070,13
1603904639.784885,12
1603904639.800271,12
1603904639.813158,13
1603904639.825701,12
1603904639.848630,12
1603904639.863569,12
1603904639.876263,14
1603904639.888566,13
1603904639.901347,14
1603904639.914979,14
1603904639.928582,13
1603904639.943618,13
1603904639.965877,14
1603904639.979582,13
1603904640.008399,13
1603904640.032760,14
1603904640.047283,16
1603904640.068690,16
1603904640.093320,16
1603904640.111125,16
1603904640.132303,16
1603904640.158113,17
1603904640.170923,16
1603904640.184873,18
1603904640.207808,18
1603904640.222153,18
1603904640.240404,17
1603904640.253113,17
1603904640.275053,17
1603904640.291102,17
1603904640.303663,18
1603904640.319416,17
1603904640.341738,18
1603904640.354998,19
1603904640.377599,20
1603904640.390379,19
1603904640.413753,19
1603904640.426720,20
1603904640.451000,20
1603904640.464443,20
1603904640.479107,20
1603904640.491988,19
1603904640.506729,19
1603904640.527306,19
1603904640.540275,19
1603904640.560454,20
1603904640.575564,19
1603904640.597081,19
1603904640.613749,19
1603904640.630011,19
1603904640.649811,19
1603904640.663704,18
1603904640.679466,18
1603904640.700503,19
1603904640.713774,18
1603904640.742523,18
1603904640.759392,16
1603904640.774128,16
1603904640.787395,15
1603904640.800151,14
1603904640.814511,13
1603904640.827622,12
1603904640.840112,12
1603904640.852640,12
1603904640.875665,10
1603904640.900583,9
1603904640.914888,9
1603904640.928562,10
1603904640.941921,11
1603904640.966220,11
1603904640.980816,11
1603904641.006829,12
1603904641.020422,11
1603904641.041957,12
1603904641.059314,12
1603904641.072342,13
1603904641.092641,12
1603904641.110315,13
1603904641.125040,13
1603904641.142280,13
1603904641.164544,14
1603904641.182599,14
1603904641.200502,15
1603904641.214007,14
1603904641.228051,14
1603904641.246189,14
1603904641.262660,14
1603904641.290004,15
1603904641.303098,14
1603904641.325286,16
1603904641.338495,17
1603904641.351622,16
1603904641.374475,16
1603904641.388741,17
1603904641.404332,17
1603904641.416904,16
1603904641.429507,16
1603904641.442502,16
1603904641.460010,18
1603904641.487164,18
1603904641.499957,19
1603904641.512764,17
1603904641.533683,19
1603904641.556174,19
1603904641.573556,19
1603904641.590186,19
1603904641.613032,19
1603904641.630092,18
1603904641.643623,18
1603904641.658865,18
1603904641.674100,18
1603904641.690769,18
1603904641.704803,19
1603904641.729241,19
1603904641.752825,18
1603904641.765903,20
1603904641.789559,19
1603904641.802926,17
1603904641.817090,17
1603904641.832225,19
1603904641.845592,19
1603904641.858276,19
1603904641.874082,19
1603904641.887698,20
1603904641.908581,19
1603904641.933544,18
1603904641.947787,18
1603904641.961220,19
1603904641.986628,17
1603904642.000021,20
1603904642.014278,18
1603904642.034453,19
1603904642.047740,18
1603904642.062844,18
1603904642.080340,18
1603904642.096303,20
1603904642.110225,18
1603904642.123841,18
1603904642.136597,20
1603904642.150221,18
1603904642.166372,17
1603904642.183820,17
1603904642.197111,16
1603904642.222880,15
1603904642.236143,15
1603904642.249749,14
1603904642.267089,13
1603904642.294923,10
1603904642.320963,9
1603904642.335534,9
1603904642.366484,9
1603904642.379524,11
1603904642.392761,10
1603904642.413832,11
1603904642.426362,10
1603904642.454938,12
1603904642.468412,12
1603904642.496017,12
1603904642.513218,12
1603904642.530866,12
1603904642.545192,11
1603904642.570072,8
1603904642.585885,7
1603904642.615172,8
1603904642.628723,8
1603904642.646001,7
1603904642.669510,9
1603904642.687095,9
1603904642.717214,6
1603904642.743457,7
1603904642.765645,8
1603904642.779298,6
1603904642.792655,6
1603904642.818934,8
1603904642.832552,8
1603904642.845122,9
1603904642.857588,7
1603904642.870589,8
1603904642.887399,8
1603904642.906561,7
1603904642.936186,8
1603904642.950271,8
1603904642.963426,8
1603904642.977156,9
1603904643.001729,8
1603904643.023350,9
1603904643.035725,7
1603904643.049447,9
1603904643.064926,9
1603904643.079282,9
1603904643.091719,10
1603904643.106624,10
1603904643.121640,10
1603904643.135407,8
1603904643.150023,8
1603904643.164142,8
1603904643.177311,9
1603904643.192309,9
1603904643.204655,9
1603904643.217336,10
1603904643.240415,9
1603904643.253531,10
1603904643.266857,11
1603904643.288414,10
1603904643.309763,9
1603904643.333230,11
1603904643.347062,11
1603904643.370133,10
1603904643.385482,10
1603904643.404793,10
1603904643.439266,9
1603904643.455818,9
1603904643.469028,10
1603904643.484022,11
1603904643.503794,10
1603904643.529516,11
1603904643.543369,11
1603904643.556776,10
1603904643.570483,10
1603904643.590731,10
1603904643.604284,10
1603904643.627931,11
1603904643.640711,11
1603904643.656939,11
1603904643.671269,10
1603904643.685224,10
1603904643.707749,11
1603904643.733397,11
1603904643.746729,11
1603904643.759396,12
1603904643.772137,12
1603904643.785543,13
1603904643.809347,12
1603904643.828729,11
1603904643.842190,12
1603904643.854884,12
1603904643.869127,12
1603904643.882087,13
1603904643.905069,12
1603904643.920357,12
1603904643.937254,12
1603904643.951355,12
1603904643.979320,14
1603904644.004240,12
1603904644.017852,13
1603904644.030756,13
1603904644.045050,13
1603904644.058718,14
1603904644.071669,12
1603904644.084871,12
1603904644.098932,13
1603904644.112772,13
1603904644.137074,14
1603904644.149717,12
1603904644.162248,13
1603904644.175165,13
1603904644.188069,14
1603904644.210784,13
1603904644.231751,12
1603904644.244406,13
1603904644.257498,14
1603904644.270452,14
1603904644.283865,15
1603904644.311586,13
1603904644.335522,14
1603904644.348449,15
1603904644.360532,13
1603904644.372944,14
1603904644.385631,14
1603904644.399126,15
1603904644.415796,14
1603904644.437847,14
1603904644.450458,14
1603904644.463432,15
1603904644.476255,15
1603904644.490617,13
1603904644.516551,14
1603904644.539539,13
1603904644.551949,15
1603904644.565006,15
1603904644.584111,15
1603904644.600299,15
1603904644.625853,15
1603904644.639381,16
1603904644.660544,15
1603904644.674010,15
1603904644.689212,16
1603904644.704145,14
1603904644.725801,15
1603904644.749481,14
1603904644.762217,15
1603904644.774680,15
1603904644.787668,15
1603904644.810494,15
1603904644.825215,15
1603904644.840957,15
1603904644.853405,16
1603904644.867429,16
1603904644.879729,15
1603904644.892451,15
1603904644.904984,16
1603904644.921985,17
1603904644.945010,18
1603904644.958289,16
1603904644.971215,17
1603904644.984678,17
1603904644.997421,17
1603904645.018434,17
1603904645.036384,17
1603904645.049343,16
1603904645.062090,17
1603904645.074963,15
1603904645.087819,15
1603904645.102815,16
1603904645.125799,17
1603904645.141594,17
1603904645.154059,15
1603904645.166879,16
1603904645.180017,17
1603904645.194428,17
1603904645.208776,17
1603904645.228933,17
1603904645.253651,18
1603904645.267183,16
1603904645.279769,17
1603904645.292426,17
1603904645.306124,17
1603904645.318657,18
1603904645.331084,16
1603904645.353711,18
1603904645.367018,16
1603904645.379541,16
1603904645.392359,17
1603904645.405127,17
1603904645.427528,16
1603904645.453418,17
1603904645.466358,18
1603904645.478852,16
1603904645.491628,16
1603904645.504024,17
1603904645.516657,18
1603904645.533567,18
1603904645.549157,18
1603904645.561779,19
1603904645.574687,17
1603904645.587435,18
1603904645.601509,18
1603904645.625566,19
1603904645.637812,17
1603904645.658406,19
1603904645.671279,17
1603904645.684590,18
1603904645.697630,18
1603904645.710426,18
1603904645.729327,18
1603904645.753740,17
1603904645.767464,17
1603904645.796647,18
1603904645.811812,18
1603904645.830058,18
1603904645.849336,18
1603904645.862131,18
1603904645.874482,19
1603904645.887645,19
1603904645.901336,20
1603904645.928237,19
1603904645.942078,19
1603904645.968941,19
1603904645.982423,20
1603904645.998582,20
1603904646.011313,18
1603904646.033315,19
1603904646.046807,20
1603904646.073713,18
1603904646.087514,19
1603904646.101464,19
1603904646.114453,19
1603904646.133862,19
1603904646.158684,20
1603904646.171124,18
1603904646.185877,18
1603904646.198668,19
1603904646.216202,19
1603904646.233797,19
1603904646.247869,19
1603904646.260732,19
1603904646.281674,19
1603904646.294456,19
1603904646.309525,19
1603904646.322178,20
1603904646.334863,18
1603904646.347507,19
1603904646.366262,18
1603904646.378745,19
1603904646.391488,19
1603904646.404096,19
1603904646.417681,20
1603904646.430420,19
1603904646.445413,19
1603904646.458894,19
1603904646.479460,17
1603904646.492967,16
1603904646.512535,15
1603904646.535599,13
1603904646.548593,13
1603904646.573859,11
1603904646.600711,9
1603904646.613850,8
1603904646.639985,9
1603904646.653110,10
1603904646.671698,9
1603904646.684868,10
1603904646.697746,9
1603904646.710584,9
1603904646.722690,10
1603904646.742270,10
1603904646.762321,9
1603904646.775098,10
1603904646.788679,10
1603904646.815609,10
1603904646.842262,9
1603904646.865480,10
1603904646.878628,11
1603904646.913928,10
1603904646.926246,11
1603904646.962206,11
1603904646.978102,12
1603904646.996172,11
1603904647.008867,12
1603904647.028416,11
1603904647.042107,11
1603904647.065231,11
1603904647.078743,11
1603904647.096450,11
1603904647.110459,11
1603904647.123378,11
1603904647.149847,10
1603904647.169067,12
1603904647.181707,10
1603904647.196076,10
1603904647.212739,11
1603904647.229630,11
1603904647.241998,12
1603904647.260202,12
1603904647.272765,12
1603904647.286677,12
1603904647.302507,12
1603904647.315419,13
1603904647.334926,12
1603904647.348583,12
1603904647.366710,12
1603904647.393304,13
1603904647.407398,11
1603904647.420450,12
1603904647.441175,11
1603904647.453360,12
1603904647.478149,13
1603904647.491954,14
1603904647.507973,14
